0,
3.312341219071050e-17,
6.624682438142100e-17,
9.937023657213151e-17,
1.324936487628420e-16,
1.359866854373614e-16,
1.394797221118808e-16,
1.429727587864001e-16,
1.464657954609195e-16,
1.499588321354389e-16,
1.534518688099583e-16,
1.569449054844776e-16,
1.604379421589970e-16,
1.779031255315939e-16,
1.953683089041907e-16,
2.128334922767876e-16,
2.302986756493845e-16,
2.320906405968328e-16,
2.338826055442811e-16,
2.356745704917295e-16,
2.374665354391778e-16,
2.378253965369393e-16,
2.381842576347007e-16,
2.385431187324622e-16,
2.389019798302237e-16,
2.392608409279852e-16,
2.396197020257467e-16,
2.399785631235081e-16,
2.403374242212696e-16,
2.406973654026658e-16,
2.410573065840619e-16,
2.414172477654580e-16,
2.417771889468542e-16,
2.418741037009002e-16,
2.419710184549462e-16,
2.420679332089922e-16,
2.421648479630382e-16,
2.422617627170842e-16,
2.423586774711302e-16,
2.424555922251761e-16,
2.425525069792221e-16,
2.426785979277514e-16,
2.428046888762806e-16,
2.429307798248099e-16,
2.430568707733391e-16,
2.430899562978585e-16,
2.431230418223779e-16,
2.431561273468972e-16,
2.431892128714166e-16,
2.432017147147401e-16,
2.432142165580635e-16,
2.432267184013869e-16,
2.432392202447104e-16,
2.432517220880339e-16,
2.432642239313573e-16,
2.432767257746807e-16,
2.432892276180042e-16,
2.433101016332385e-16,
2.433309756484728e-16,
2.433518496637072e-16,
2.433727236789415e-16,
2.434770937551131e-16,
2.435814638312848e-16,
2.436858339074565e-16,
2.437902039836281e-16,
2.443120543644865e-16,
2.448339047453448e-16,
2.453557551262031e-16,
2.458776055070614e-16,
2.484868574113531e-16,
2.510961093156447e-16,
2.537053612199363e-16,
2.563146131242280e-16,
2.657704821063893e-16,
2.752263510885506e-16,
2.846822200707119e-16,
2.941380890528733e-16,
3.248473522883919e-16,
3.555566155239105e-16,
3.862658787594291e-16,
4.169751419949477e-16,
5.353082148365795e-16,
6.536412876782112e-16,
7.719743605198431e-16,
8.903074333614749e-16,
1.323347001313609e-15,
1.756386569265744e-15,
2.189426137217879e-15,
2.622465705170013e-15,
4.402832051600200e-15,
6.183198398030387e-15,
7.963564744460575e-15,
9.743931090890762e-15,
1.703401589160803e-14,
2.432410069232530e-14,
3.161418549304256e-14,
3.890427029375983e-14,
6.875464576465227e-14,
9.860502123554469e-14,
1.284553967064371e-13,
1.583057721773296e-13,
2.636361668588115e-13,
3.689665615402933e-13,
4.742969562217753e-13,
5.796273509032571e-13,
9.622704736703439e-13,
1.344913596437430e-12,
1.727556719204517e-12,
2.110199841971604e-12,
3.350421317436812e-12,
4.590642792902021e-12,
5.830864268367229e-12,
7.071085743832437e-12,
1.125391958937024e-11,
1.543675343490803e-11,
1.961958728044583e-11,
2.380242112598363e-11,
3.621620205126134e-11,
4.862998297653905e-11,
6.104376390181677e-11,
7.345754482709447e-11,
1.152149891402338e-10,
1.569724334533732e-10,
1.987298777665125e-10,
2.404873220796519e-10,
3.456848273833885e-10,
4.508823326871252e-10,
5.560798379908619e-10,
6.612773432945985e-10,
1.036739461320764e-09,
1.412201579346929e-09,
1.787663697373094e-09,
2.163125815399259e-09,
2.925628160938402e-09,
3.688130506477546e-09,
4.450632852016690e-09,
5.213135197555833e-09,
7.159165340206170e-09,
9.105195482856509e-09,
1.105122562550685e-08,
1.299725576815718e-08,
1.751961929838109e-08,
2.204198282860499e-08,
2.656434635882890e-08,
3.108670988905280e-08,
4.076298254896239e-08,
5.043925520887197e-08,
6.011552786878155e-08,
6.979180052869113e-08,
8.952232401735540e-08,
1.092528475060197e-07,
1.289833709946839e-07,
1.487138944833482e-07,
1.876746196559658e-07,
2.266353448285833e-07,
2.655960700012009e-07,
3.045567951738185e-07,
3.791819256763670e-07,
4.538070561789155e-07,
5.284321866814640e-07,
6.030573171840125e-07,
7.420078279242713e-07,
8.809583386645300e-07,
1.019908849404789e-06,
1.158859360145048e-06,
1.410964570900458e-06,
1.663069781655869e-06,
1.915174992411280e-06,
2.167280203166691e-06,
2.613904065831472e-06,
3.060527928496254e-06,
3.507151791161035e-06,
3.953775653825816e-06,
4.727735416078567e-06,
5.501695178331318e-06,
6.275654940584069e-06,
7.049614702836820e-06,
8.363618519707034e-06,
9.677622336577248e-06,
1.099162615344746e-05,
1.230562997031768e-05,
1.449433648409659e-05,
1.668304299787551e-05,
1.887174951165442e-05,
2.106045602543334e-05,
2.464176427834215e-05,
2.822307253125096e-05,
3.180438078415977e-05,
3.538568903706859e-05,
4.114885869654554e-05,
4.691202835602250e-05,
5.267519801549946e-05,
5.843836767497641e-05,
6.756921558636736e-05,
7.670006349775831e-05,
8.583091140914928e-05,
9.496175932054023e-05,
1.092187420970645e-04,
1.234757248735887e-04,
1.377327076501129e-04,
1.519896904266372e-04,
1.739496024837036e-04,
1.959095145407700e-04,
2.178694265978364e-04,
2.398293386549028e-04,
2.732284006957754e-04,
3.066274627366480e-04,
3.400265247775206e-04,
3.734255868183932e-04,
4.236322782261803e-04,
4.738389696339675e-04,
5.240456610417546e-04,
5.742523524495418e-04,
6.489251088392996e-04,
7.235978652290575e-04,
7.982706216188154e-04,
8.729433780085732e-04,
9.829544195736552e-04,
1.092965461138737e-03,
1.202976502703819e-03,
1.312987544268901e-03,
1.473744189271677e-03,
1.634500834274454e-03,
1.795257479277231e-03,
1.956014124280007e-03,
2.189403790129815e-03,
2.422793455979623e-03,
2.656183121829431e-03,
2.889572787679239e-03,
3.226950804629791e-03,
3.564328821580344e-03,
3.901706838530896e-03,
4.239084855481448e-03,
4.726153829011618e-03,
5.213222802541787e-03,
5.700291776071956e-03,
6.187360749602126e-03,
6.892873112844147e-03,
7.598385476086168e-03,
8.303897839328188e-03,
9.009410202570210e-03,
1.000146650894090e-02,
1.099352281531158e-02,
1.198557912168227e-02,
1.297763542805295e-02,
1.430096954500657e-02,
1.562430366196019e-02,
1.694763777891380e-02,
1.827097189586742e-02,
2.001033874840715e-02,
2.174970560094688e-02,
2.348907245348661e-02,
2.522843930602633e-02,
2.735586357401770e-02,
2.948328784200906e-02,
3.161071211000042e-02,
3.373813637799179e-02,
3.618879341928952e-02,
3.863945046058724e-02,
4.109010750188497e-02,
4.354076454318270e-02,
4.606692508744817e-02,
4.859308563171363e-02,
5.111924617597911e-02,
5.364540672024457e-02,
5.611818850444165e-02,
5.859097028863874e-02,
6.106375207283583e-02,
6.353653385703291e-02,
6.588292608009966e-02,
6.822931830316639e-02,
7.057571052623314e-02,
7.292210274929989e-02,
7.403825733415217e-02,
7.515441191900447e-02,
7.627056650385677e-02,
7.738672108870906e-02,
7.822890227191648e-02,
7.907108345512390e-02,
7.991326463833130e-02,
8.075544582153872e-02,
8.159762700474614e-02,
8.243980818795354e-02,
8.328198937116096e-02,
8.412417055436838e-02,
8.586691097267034e-02,
8.760965139097229e-02,
8.935239180927426e-02,
9.109513222757622e-02,
9.344091204154424e-02,
9.578669185551228e-02,
9.813247166948030e-02,
1.004782514834483e-01,
1.033726018648962e-01,
1.062669522463442e-01,
1.091613026277921e-01,
1.120556530092400e-01,
1.154763303126369e-01,
1.188970076160338e-01,
1.223176849194306e-01,
1.257383622228275e-01,
1.298937412731441e-01,
1.340491203234606e-01,
1.382044993737771e-01,
1.423598784240936e-01,
1.475853482189063e-01,
1.528108180137190e-01,
1.580362878085317e-01,
1.632617576033444e-01,
1.689382456568484e-01,
1.746147337103524e-01,
1.802912217638564e-01,
1.859677098173604e-01,
1.921074021978816e-01,
1.982470945784028e-01,
2.043867869589240e-01,
2.105264793394452e-01,
2.171262785609086e-01,
2.237260777823720e-01,
2.303258770038354e-01,
2.369256762252988e-01,
2.440551543365541e-01,
2.511846324478094e-01,
2.583141105590647e-01,
2.654435886703200e-01,
2.731072454066504e-01,
2.807709021429808e-01,
2.884345588793111e-01,
2.960982156156415e-01,
3.040847411850106e-01,
3.120712667543797e-01,
3.200577923237489e-01,
3.280443178931179e-01,
3.363948888997693e-01,
3.447454599064206e-01,
3.530960309130720e-01,
3.614466019197233e-01,
3.701943498604847e-01,
3.789420978012460e-01,
3.876898457420073e-01,
3.964375936827686e-01,
4.056321553081235e-01,
4.148267169334785e-01,
4.240212785588334e-01,
4.332158401841883e-01,
4.427886315052417e-01,
4.523614228262952e-01,
4.619342141473486e-01,
4.715070054684020e-01,
4.814813307678384e-01,
4.914556560672749e-01,
5.014299813667114e-01,
5.114043066661478e-01,
5.219214698431085e-01,
5.324386330200692e-01,
5.429557961970299e-01,
5.534729593739907e-01,
5.646659223267830e-01,
5.758588852795754e-01,
5.870518482323679e-01,
5.982448111851603e-01,
6.102603845436630e-01,
6.222759579021658e-01,
6.342915312606686e-01,
6.463071046191714e-01,
6.593147393606289e-01,
6.723223741020863e-01,
6.853300088435437e-01,
6.983376435850012e-01,
7.125408145022643e-01,
7.267439854195273e-01,
7.409471563367904e-01,
7.551503272540535e-01,
7.708015041643821e-01,
7.864526810747106e-01,
8.021038579850391e-01,
8.177550348953677e-01,
8.351770891735240e-01,
8.525991434516802e-01,
8.700211977298363e-01,
8.874432520079926e-01,
9.070615848152894e-01,
9.266799176225862e-01,
9.462982504298830e-01,
9.659165832371799e-01,
9.883094549028073e-01,
1.010702326568435e+00,
1.033095198234062e+00,
1.055488069899690e+00,
1.081468961647230e+00,
1.107449853394771e+00,
1.133430745142311e+00,
1.159411636889851e+00,
1.190170649423292e+00,
1.220929661956732e+00,
1.251688674490172e+00,
1.282447687023612e+00,
1.319807370047713e+00,
1.357167053071813e+00,
1.394526736095913e+00,
1.431886419120014e+00,
1.478787758066374e+00,
1.525689097012735e+00,
1.572590435959096e+00,
1.619491774905457e+00,
1.680906705776549e+00,
1.742321636647642e+00,
1.803736567518734e+00,
1.865151498389827e+00,
1.948917361331407e+00,
2.032683224272987e+00,
2.116449087214567e+00,
2.200214950156147e+00,
2.307479404460133e+00,
2.414743858764118e+00,
2.522008313068103e+00,
2.629272767372088e+00,
2.702805314080133e+00,
2.776337860788177e+00,
2.849870407496221e+00,
2.923402954204265e+00,
2.996935500912310e+00,
3.070468047620354e+00,
3.144000594328398e+00,
3.217533141036442e+00,
3.306546692815502e+00,
3.395560244594562e+00,
3.484573796373621e+00,
3.573587348152681e+00,
3.672358165112309e+00,
3.771128982071937e+00,
3.869899799031565e+00,
3.968670615991193e+00,
4.057119972392329e+00,
4.145569328793466e+00,
4.234018685194603e+00,
4.322468041595740e+00,
4.394703869200592e+00,
4.466939696805444e+00,
4.539175524410297e+00,
4.611411352015149e+00,
4.680144432129573e+00,
4.748877512243998e+00,
4.817610592358422e+00,
4.886343672472846e+00,
4.914757754354635e+00,
4.943171836236424e+00,
4.971585918118212e+00,
5.000000000000000e+00,
